2.9545 1.3000
5.3071 0.8425
7.0587 0.2925
7.1027 0.7225
10.0664 0.3925
10.0081 0.3200
7.3680 0.6125
11.1805 0.4450
7.8574 0.4900
12.8021 0.4100
13.2031 1.0250
11.3132 0.3125
10.0954 0.0725
5.3057 0.9250
8.8938 0.3050
10.3588 0.7325
13.5698 4.3425
11.9221 0.3700
8.7048 0.5300
13.1610 0.5200
12.2666 0.3400
9.4175 0.4850
7.9194 0.6250
13.4608 0.9025
13.3850 0.7400
12.6051 0.4450
11.9979 0.2125
11.1340 0.6625
7.6062 0.6925
10.8568 0.3025
12.1779 0.3050
13.0266 0.6400
14.0504 0.5825
14.8958 0.6850
13.6609 0.4250
11.2458 0.3125
6.3880 0.7625
12.6750 0.1625
14.2973 0.4850
13.3295 0.2000
14.8301 0.3400
10.8755 0.5525
12.5414 0.1625
14.5473 0.3425
16.1660 0.7450
15.9028 1.0000
15.0564 0.2000
15.5708 0.4250
14.0697 0.2500
14.8114 0.3825
13.8265 0.3625
13.5650 0.6500
13.3136 0.6400
13.0515 0.3725
13.9626 1.1700
14.2530 0.5525
13.8828 0.3650
13.8916 0.6800
15.4291 0.4925
16.5747 169.1225
15.5703 0.1625
13.7226 0.3125
8.3558 0.9725
12.8870 0.2425
10.3698 0.2125
15.7131 0.3600
13.3917 0.3050
14.1298 0.2600
11.0399 0.4000
6.6825 0.6100
15.9911 1.4225
15.7225 0.2725
14.5563 0.2525
14.7101 0.6250
9.7363 1.2050
7.8306 0.1525
4.8537 1.2050
12.0902 0.6250
9.4099 0.3925
14.7428 0.0250
15.0267 0.9850
14.3296 0.3250
14.7930 0.6625
14.9039 1.3600
14.7028 0.5000
13.9921 0.5125
13.1658 0.3600
10.4187 0.8900
5.9611 0.8725
9.0999 0.8125
5.2617 0.9725
10.1358 0.2125
11.7877 1.0625
13.6082 0.3600
14.0802 0.6625
13.8776 0.6625
14.9564 1.4425
14.6569 0.1625
14.5544 0.2450
13.8417 0.3125
12.6179 1.2125
12.6087 0.2125
11.7520 0.3125
9.0948 0.5725
7.3485 0.3625
5.7413 0.8425
10.0640 0.5300
10.6101 0.8125
7.1546 0.1300
8.8393 0.6125
13.4865 0.6625
12.8498 0.3700
11.2778 0.2925
12.2434 0.6250
11.3716 0.4500
10.1687 0.3400
9.4262 0.2050
6.8953 0.4050
8.5790 0.7400
6.5667 0.3250
14.7856 0.1625
15.1620 0.3600
15.3213 1.0000
15.0800 0.1800
14.5803 0.1800
15.2256 0.6525
15.1981 0.1800
15.8131 0.3625
14.9915 0.4825
13.8636 0.4250
12.6827 0.2925
10.1385 0.4925
9.1400 0.4850
11.8545 0.3125
13.4860 0.3925
14.0953 0.7300
13.7935 0.2025
15.8828 22.0625
14.9167 0.4225
14.8969 0.2600
13.5251 0.5125
13.6777 0.8200
13.1551 0.5125
12.7142 0.3250
9.2001 0.7250
5.8208 0.3650
7.7554 0.9725
11.0463 0.9225
12.4396 0.3400
12.9394 0.8000
12.8961 0.3250
12.0102 0.7400
11.6085 0.6625
11.9657 0.5200
11.2752 1.1050
9.3363 0.7025
11.0563 0.5300
10.1593 0.6250
9.0765 0.1525
9.8061 0.3700
8.8449 0.6500
8.2772 0.3125
8.6055 1.3450
7.1280 0.3825
5.1298 0.5450
3.3606 2.1050
2.1970 1.1925
6.1614 0.8125
4.8209 0.2725
5.6411 0.7625
9.0197 0.2125
7.7638 0.4450
10.0749 0.5625
8.0995 0.8500
13.6468 0.1825
12.1919 0.2450
12.2980 0.6250
10.1336 0.1025
14.1506 0.6500
8.1669 0.4500
12.1673 0.3400
9.1487 0.3725
8.8100 0.3050
13.4353 0.3650
15.8737 0.7025
17.8196 0.1700
17.3750 0.0125
16.2398 0.4250
14.8118 0.5525
18.0185 0.5725
19.1782 52.6100
18.7957 0.2425
15.8248 0.3625
13.4685 0.2425
9.1650 0.2525
10.3025 0.2025
9.8351 0.2925
13.2570 0.4100
16.6110 0.6025
15.6669 0.2125
13.2608 0.5300
11.5783 0.4625
10.8501 0.2900
8.7616 0.2825
8.0600 0.2650
8.3734 0.5525
10.1014 0.4625
11.3639 0.2500
9.2743 0.4625
6.8445 0.9650
11.7730 0.4250
13.5936 0.6100
13.3006 0.3050
7.6979 0.8500
13.2983 0.4450
10.5775 0.2050
11.6672 0.2925
7.0723 0.4625
7.6605 0.5800
8.5951 0.3625
12.6886 0.2500
12.0566 0.4525
15.0365 0.2900
17.7720 0.3700
15.4079 0.4825
17.7122 0.6125
17.2709 0.2825
15.4121 0.2125
17.2710 0.2050
16.9136 0.5450
15.5060 0.5450
12.2822 0.2900
8.2830 0.9650
6.6105 0.9650
13.5829 0.2425
18.0813 0.8125
18.7343 0.4250
18.2915 0.1700
19.4203 0.6025
14.6490 0.5725
14.0600 0.3825
16.6204 0.3250
17.9995 0.4450
17.5386 0.2725
19.1173 0.3725
19.5365 0.2600
19.4452 0.1000
19.8183 0.3400
20.6559 0.3625
20.7616 0.1525
19.8965 0.1125
19.6261 0.2050
19.4076 0.4325
16.6117 0.5825
20.7805 0.2650
20.2493 0.1625
20.6810 0.2500
20.9207 0.4325
21.0236 1.5425
20.3697 0.2925
20.7601 1.0025
20.6343 0.2025
20.2097 0.4100
20.1922 0.5650
19.5881 0.5650
20.1230 0.1850
20.1490 0.7625
19.3912 0.5000
19.4456 0.4500
14.8968 0.3625
9.9335 0.3925
7.1790 0.6800
12.7762 0.6025
16.2242 0.2225
17.6253 0.1700
18.3820 0.3125
19.7468 0.5125
19.4427 0.4050
18.0157 0.4500
16.5995 0.3425
11.6898 0.6625
8.3005 0.5125
14.6120 0.3250
7.3676 0.5200
12.5326 0.4850
17.6138 0.5525
19.1494 0.1225
8.9417 0.5000
12.5129 0.2725
15.7391 0.3625
18.2809 0.3600
19.9194 0.5800
20.1380 1.0625
20.1227 0.2000
19.3546 0.5000
8.9451 0.3625
10.1319 0.4450
14.5002 0.2825
17.1200 0.0725
17.9491 0.6625
19.1128 0.1600
19.6301 0.3050
13.2801 0.5000
9.2325 0.5825
14.5578 0.4900
18.9220 0.2425
20.1528 0.3925
20.6237 1.8225
20.5432 0.0925
20.2624 0.2425
19.9694 0.2425
19.0989 0.2000
19.4169 0.4525
19.9187 0.3250
20.3993 0.5525
20.5245 0.4000
20.2498 0.2450
20.7230 0.1250
20.7957 0.1525
21.1569 0.3400
21.0056 0.1125
21.3819 118.2850
19.9879 0.2650
17.4870 0.4625
15.1886 0.4225
10.3642 0.4325
10.1442 0.4325
10.2963 0.2600
13.8277 0.3700
17.8704 0.3625
19.4399 0.0625
20.0791 0.4225
18.2375 0.1250
14.8894 0.3650
14.6006 0.1225
11.1914 0.3125
9.7891 0.5625
13.6597 0.3625
17.6046 0.5450
20.2449 0.5450
20.9698 0.2225
21.2891 0.7300
21.1279 0.0850
20.8454 0.1700
20.9772 0.2425
20.8810 0.7200
20.4172 0.1525
19.8079 0.4825
18.9000 0.3250
18.8217 0.3125
18.8403 0.2000
19.3902 0.2425
19.3522 0.6025
16.9384 0.3825
16.3496 0.0925
12.1765 0.4925
9.4925 0.4000
12.4326 0.1025
13.2323 0.6250
16.3845 0.2125
17.9890 0.5125
19.9735 0.6500
18.9804 0.5825
18.7457 0.2125
20.1668 0.6725
19.5249 0.2125
18.5895 0.3250
18.4237 0.0325
20.3677 0.3625
20.0379 0.3425
20.0022 0.1525
19.1719 0.3625
18.4262 0.2500
18.8583 0.3125
18.6396 0.5300
18.5242 0.2000
18.5404 0.3725
19.0152 0.2450
19.5666 0.1700
20.0113 0.4000
20.4570 0.1850
21.0091 0.4225
21.0334 24.6025
21.0114 0.2250
20.2837 0.5850
19.8078 0.2125
19.7455 0.3925
19.1010 0.6025
18.5284 0.0625
18.6977 0.4925
18.5087 0.6100
19.4698 0.4225
18.4427 0.3600
18.3725 0.1700
18.6629 0.7025
18.7238 0.5050
18.9880 1.1125
17.3117 0.2825
8.9411 0.2025
11.3564 0.3700
13.5302 0.5450
17.3989 0.3250
18.8730 0.3050
8.2456 0.6725
13.9300 0.2225
16.5791 0.2125
17.7266 0.5300
19.0689 0.3250
19.3022 4.0100
18.4529 0.4225
18.6964 0.7325
18.4725 0.2450
18.8744 0.4525
19.0256 0.5825
19.0994 0.9725
19.0382 0.2600
18.9403 0.2250
20.3270 0.5125
18.8029 0.4100
18.6340 0.4625
18.6320 0.2600
17.5979 0.2125
17.3116 0.2425
14.1642 0.5200
13.0477 0.1325
10.3385 0.3400
13.9628 0.6100
16.4193 0.2525
17.9319 0.4825
18.8484 0.4325
19.5219 0.6250
18.7217 0.3050
18.2462 0.0625
9.6376 0.4250
9.6140 0.0250
12.1250 0.5050
13.6835 0.2600
16.1507 0.2650
8.3942 0.5000
10.2119 0.2050
13.1556 0.4625
17.4202 0.3600
17.8836 0.2525
19.3566 0.2925
19.0888 0.2425
19.7250 0.4525
19.8324 0.0400
19.8516 9.5300
19.0061 0.4625
19.4562 0.5625
19.4085 0.2125
19.1516 0.4625
19.0849 0.3250
18.3824 0.0625
18.5578 0.4325
18.3670 0.1700
17.9562 0.1525
19.0659 0.4825
19.1333 0.3050
17.8781 0.4250
18.0809 0.2725
16.1788 0.1825
15.0191 0.5625
7.2459 1.1450
11.2214 0.5525
7.7752 0.4250
12.1199 0.0650
12.6769 0.8000
10.4470 0.6625
6.7535 0.4500
15.9331 0.5000
14.3111 0.3725
13.9686 0.2125
15.7040 0.7250
15.1603 0.3625
10.1815 0.4925
7.5897 0.8125
7.5962 0.5125
9.8713 0.4625
6.8604 0.3700
9.0994 0.5125
7.1117 0.8450
6.2154 0.3250
8.4729 0.9850
6.6797 0.5000
8.4721 0.5650
6.9226 0.8450
11.6599 0.5825
11.0700 0.4325
11.5794 0.7025
11.9866 0.6100
12.7827 0.4050
13.7284 0.7850
12.0131 0.6525
13.0836 0.1850
11.3842 0.1825
13.3832 0.6625
14.2083 0.3925
14.6707 29.5025
13.0294 0.7300
10.5568 0.3200
6.8807 0.6050
9.1576 0.1825
10.9024 0.4625
5.4500 0.5850
9.2506 0.8125
8.5786 0.6500
13.0944 1.2850
14.0774 0.5000
13.6318 0.2650
13.4820 0.2650
12.5959 0.5825
12.0379 0.3725
12.6429 0.7925
12.3515 0.6725
13.1216 1.0625
11.2656 0.2125
9.1588 0.2725
12.6783 0.4525
8.2373 0.5650
12.2722 0.2600
14.0131 0.8450
13.9216 0.8825
12.5133 0.7250
13.4992 1.0625
13.9343 0.2125
14.4105 0.7450
13.4365 0.2650
13.0235 0.3625
12.3335 0.5125
10.1159 0.3825
7.0652 0.4525
11.5861 0.4450
13.7946 0.4250
8.5846 0.2250
8.9874 0.8100
13.4122 0.1525
14.5522 7.8500
13.7357 0.6925
13.8525 0.4450
13.0192 0.3725
13.3095 0.3925
13.2594 0.4000
14.2280 0.5525
13.5621 0.7925
15.4796 0.3050
13.0454 0.5450
11.2141 0.3725
13.0922 0.7225
11.5577 0.0800
8.6405 0.2500
13.0056 0.3925
16.0788 44.3700
15.9457 0.1800
15.0796 0.3925
15.8594 0.6125
15.0185 0.4625
14.7885 0.0400
10.6679 0.4850
11.9879 0.5000
12.7491 0.2450
12.3582 0.1700
13.9279 0.4250
15.4453 0.4100
12.9419 0.6850
13.9592 1.1925
12.9685 0.4450
13.7605 0.5200
11.7771 0.3625
8.0192 0.5125
10.7228 0.8200
7.3881 0.4000
9.2877 0.2500
11.3179 0.1600
7.7799 0.8500
12.5521 0.7025
10.9469 0.2500
10.3697 0.2600
8.6878 0.2050
6.9060 0.3050
6.6312 0.2525
7.6389 0.3725
9.2766 0.3825
11.9331 0.1300
13.6368 0.0725
14.8758 0.4325
12.4907 0.2050
14.6264 0.8500
10.5478 0.1825
13.4520 0.3650
10.2912 0.5125
10.6237 0.2500
13.6622 0.2525
14.0583 0.6025
12.6973 0.0725
9.4248 0.6250
7.0117 0.6925
13.7314 0.3625
15.4209 0.1125
16.3320 0.3650
17.6315 0.4625
17.8232 0.3050
18.6162 191.8825
18.5426 0.2600
18.0949 0.3650
17.1661 0.2225
13.6630 0.5125
10.7753 0.2650
9.2343 0.4250
12.0112 0.3250
15.3794 0.6625
17.6853 0.4525
17.4865 0.0500
17.6358 0.1525
17.1268 0.6025
17.0559 0.2725
16.5697 0.4000
15.9049 0.2500
15.5229 0.2825
14.7479 0.5050
14.4764 0.9000
11.4396 0.3625
9.0721 0.2025
12.6804 0.4925
14.1780 0.2900
14.3529 0.3600
14.5723 1.2500
13.2520 0.6250
9.6118 0.4925
8.1563 0.4225
7.0777 0.6500
14.2856 0.0625
14.4724 0.4525
14.7605 0.5525
14.9699 2.5000
14.8659 0.5300
14.7773 0.2525
15.2936 0.2825
15.8116 0.3250
16.2271 0.4625
16.7342 0.6125
17.2161 0.1625
17.2494 1.4625
16.1332 0.5800
11.8903 0.6925
8.4203 0.2925
10.8557 0.5450
15.9332 0.3625
14.6799 0.3125
9.3301 0.5525
7.9481 0.7225
13.5049 0.5000
16.8510 0.4850
16.5000 0.3625
15.8757 0.4000
12.1314 0.5300
15.4070 0.2050
16.2063 0.2500
16.3052 0.2900
8.6327 0.4250
11.6746 0.4000
12.2337 0.7200
9.6199 0.2450
6.5296 0.5050
11.2995 0.6625
14.0912 0.6250
15.8212 0.8825
15.0524 0.2825
14.7799 0.3625
14.7624 0.5525
14.4104 0.4225
14.3043 0.4250
14.1853 0.0225
10.8860 0.3625
10.3819 0.4225
13.3346 0.4925
13.9370 0.8650
14.2773 0.6025
14.2066 0.1250
14.4590 0.3400
14.9252 4.3625
14.7152 0.2900
12.8784 0.3400
10.5259 0.4525
8.1976 0.5300
7.6602 0.3125
12.9114 0.5525
12.5552 0.2725
14.1499 0.8125
11.6322 0.5800
10.0011 0.4925
8.6455 0.0725
7.2281 0.3700
8.9279 0.7250
7.1321 0.7250
9.6659 0.4625
12.0962 0.2650
13.2922 0.5300
13.7690 1.2025
13.3548 0.5625
12.6703 1.1125
12.6410 0.7925
10.8103 0.6100
8.3884 0.3250
5.6769 0.3700
8.8009 1.0225
8.2291 0.5000
5.8001 0.2250
12.3026 0.4900
7.4136 0.4450
7.4358 1.0250
7.1096 0.2600
8.7646 0.3625
7.4242 0.1125
8.9421 0.4250
12.2728 0.5450
12.0147 0.5850
11.6067 0.2225
13.1234 0.8125
11.5594 0.2650
13.8450 0.2500
15.2608 0.2500
15.6737 0.1450
15.9430 1.3450
15.5385 0.3125
12.3083 0.8500
10.0709 0.3050
5.0298 0.9850
13.2975 1.0225
10.9974 0.2025
7.6591 0.9050
6.1064 0.4050
7.3477 0.5050
9.8670 0.7325
14.5995 0.0625
15.2814 0.4450
15.6790 0.2125
12.2141 0.6400
10.3924 0.4325
6.9986 0.9125
4.8215 0.8900
12.7792 0.6100
15.7617 0.5200
16.4689 95.4850
15.6154 0.1700
10.7368 0.1025
12.5239 0.5800
7.9808 0.5625
14.7445 0.4225
7.9212 0.5300
5.7281 0.3200
8.8801 0.5125
10.2487 0.0850
11.4474 0.3725
10.1532 0.3425
11.7704 0.2825
15.0172 0.4050
15.2368 0.4500
15.1372 0.3400
12.1349 0.2025
13.2669 0.1000
15.9292 0.3025
20.2485 0.3125
20.9918 0.0400
22.1322 0.3025
10.6484 0.5200
17.6633 0.4050
22.3195 0.1225
23.1806 191.8825
23.0018 0.0725
19.9231 0.2225
13.1876 0.4000
13.0500 0.1125
16.5540 0.2125
12.0050 0.2225
15.5925 0.4100
13.2125 0.0850
13.3508 0.2600
20.2002 0.4050
18.7317 0.4525
13.0774 0.1850
16.6732 0.2725
20.7094 0.2500
16.2852 0.3425
12.1718 0.4225
10.2053 0.2500
13.8956 0.1300
12.9528 0.2050
