-1.0
-1.0
-1.0
-1.0
-1.0
-1.0
-1.0
-1.0
-1.0
-1.0
-1.0
-1.0
13.0
13.0
13.0
13.0
-1.0
13.0
13.0
-1.0
13.0
-1.0
-1.0
-1.0
-1.0
-1.0
-1.0
-1.0
13.0
-1.0
-1.0
-1.0
-1.0
13.0
-1.0
13.0
-1.0
-1.0
-1.0
-1.0
-1.0
-1.0
-1.0
-1.0
-1.0
13.0
-1.0
-1.0
-1.0
-1.0
-1.0
-1.0
-1.0
-1.0
-1.0
-1.0
-1.0
-1.0
-1.0
-1.0
-1.0
-1.0
-1.0
-1.0
-1.0
-1.0
68.0
68.0
68.0
68.0
68.0
68.0
68.0
68.0
-1.0
68.0
-1.0
68.0
-1.0
-1.0
-1.0
-1.0
68.0
68.0
-1.0
-1.0
-1.0
68.0
68.0
-1.0
-1.0
-1.0
-1.0
-1.0
-1.0
-1.0
-1.0
-1.0
-1.0
-1.0
-1.0
-1.0
-1.0
-1.0
-1.0
-1.0
-1.0
-1.0
-1.0
-1.0
-1.0
112.0
112.0
-1.0
-1.0
-1.0
112.0
112.0
112.0
112.0
-1.0
-1.0
-1.0
-1.0
-1.0
-1.0
-1.0
137.0
-1.0
137.0
137.0
-1.0
-1.0
137.0
-1.0
-1.0
137.0
137.0
137.0
-1.0
137.0
137.0
137.0
-1.0
-1.0
137.0
137.0
137.0
-1.0
-1.0
-1.0
-1.0
-1.0
-1.0
-1.0
-1.0
-1.0
-1.0
-1.0
-1.0
-1.0
-1.0
-1.0
-1.0
-1.0
-1.0
-1.0
-1.0
-1.0
-1.0
-1.0
-1.0
-1.0
-1.0
-1.0
-1.0
-1.0
-1.0
-1.0
-1.0
-1.0
-1.0
-1.0
-1.0
-1.0
-1.0
-1.0
-1.0
-1.0
-1.0
-1.0
-1.0
-1.0
-1.0
-1.0
-1.0
-1.0
-1.0
-1.0
-1.0
-1.0
-1.0
-1.0
-1.0
-1.0
-1.0
-1.0
-1.0
-1.0
-1.0
-1.0
-1.0
-1.0
-1.0
-1.0
229.0
-1.0
-1.0
229.0
-1.0
-1.0
-1.0
-1.0
-1.0
-1.0
-1.0
-1.0
229.0
229.0
229.0
-1.0
-1.0
-1.0
-1.0
-1.0
229.0
229.0
-1.0
-1.0