0       6632
1       1061
2       7401
3      12017
4       2228
5      29301
6      12344
7      30208
8      25353
9      16466
10      1697
11      7929
12       812
13     29472
14     22356
15     29804
16       127
17      2623
18      6123
19      2337
20      9430
21     34908
22     23604
23      9847
24      1045
25     31514
26     10757
27     17785
28     24694
29      1688
30     26719
31      7638
32     22567
33     39276
34      1617
35      1265
36     27212
37     30431
38      3879
39     35861
40     25932
41     12564
42     14628
43      7169
44     12485
45     38668
46     20605
47     34762
48     31576
49     28749
50     30294
51     32014
52     20553
53     14396
54     38100
55     15185
56     35300
57     39402
58     27035
59     36999
60     11031
61     24005
62      1101
63     31348
64     21069
65     12190
66     23639
67     10202
68     35938
69     20231
70     18862
71     34883
72     38190
73     32396
74     24303
75      2963
76     35752
77     26989
78     18381
79     34954
80     22738
81     27485
82     16087
83     14226
84     12687
85     11511
86      3783
87     28280
88     15293
89     32217
90      7697
91      1474
92     13732
93     23044
94     27465
95      2552
96     28156
97     26072
98     15919
99     22266
100    37580
101    10886
102    10937
103    13522
104    20577
105    27928
106      142
107    10076
108    37176
109    27495
110     8964
111    20969
112    19117
113    31999
114    16625
115    20797
116    36718
117    13088
118    11895
119    18639
120     1266
121    31115
122     3946
123    30280
124     4467
125    19654
126    38354
127      113
128    14477
129     7435
130    33948
131     3381
132    25486
133    13716
134    27402
135    37747
136    17439
137    24391
138    35804
139    18117
140    16213
141    16920
142    17986
143    17381
144     2264
145    38564
146    10362
147    19105
148    24218
149    21865
150    37660
151      111
152    23673
153    26283
154     8967
155    36396
156     3391
157    25262
158    27102
159    39494
160     9275
161    21008
162    13513
163    20499
164    35896
165    16737
166    31077
167    28759
168    24136
169    10878
170    12267
171    31783
172    12351
173    31780
174    38508
175    30300
176    13741
177    25850
178    11825
179     1243
180    15148
181    14762
182    39677
183    12550
184    21132
185    37181
186    11322
187     7733
188    12575
189    11876
190    21879
191    19190
192    32626
193    11211
194     1471
195    34370
196     5613
197    32112
198     4476
199    24548
200     6997
201    20753
202    22474
203    39578
204    11101
205    38326
206     7546
207    20423
208    12675
209    26211
210    13826
211     4246
212    13946
213    14703
214     6310
215     9268
216    33800
217     7116
218     1816
219    32206
220    34733
221     7262
222    37214
223     6642
224    39077
225    16567
226    29648
227    32727
228    28512
229    29331
230    29736
231    17090
232    20412
233    25566
234    36475
235    32957
236    13365
237    10920
238    15809
239    12723
240    37755
241     8445
242    35879
243    35039
244    18676
245     1008
246    37436
247    39771
248       22
249    26066
250    13062
251    36672
252     2405
253     1267
254    20891
255      708
256    37435
257    29713
258     6393
259    13069
260    39550
261     1552
262    25374
263    33388
264     1808
265    24419
266    29112
267     4858
268    24077
269     8229
270    36464
271    38312
272    20289
273    31118
274     9088
275     3455
276     4618
277     3772
278    18827
279    16781
280    33315
281    20194
282    37489
283     2817
284    32729
285    22842
286    10129
287    24265
288    23436
289    26850
290     8512
291    38884
292     2234
293     3894
294     1881
295    19410
296    11274
297    37583
298    39336
299     7966
300    23838
301    38323
302    24729
303    35717
304    20942
305    38431
306    11058
307    29726
308    33910
309    36665
310    39553
311    12312
312    11097
313    22054
314    10357
315    23325
316    35761
317    17078
318    18913
319    34493
320      713
321    13582
322    23033
323    18644
324    15224
325    25859
326    14760
327     2604
328    29429
329    27671
330     1975
331    35643
332     5284
333    15623
334    34808
335     6737
336    17198
337     2748
338    33902
339    25403
340    15848
341    30273
342     3236
343    35299
344     8076
345    36063
346    34780
347    27009
348     1550
349    35336
350     6507
351    23769
352    24067
353    34112
354      347
355    27544
356    32165
357    28221
358    21536
359    31206
360    15780
361    26226
362     8796
363    33075
364     4399
365    19813
366     3471
367    28721
368    20734
369    23131
370    12217
371    19691
372     1674
373     3319
374     7582
375    28563
376    25762
377    25195
378    22831
379    11964
380    35194
381    16503
382    15633
383    34427
384     4279
385    12591
386    11436
387    11464
388    36770
389    21189
390    11095
391    35905
392     2170
393    21424
394    12392
395    29628
396    23697
397    16289
398    13052
399    30716
400    16259
401     6158
402    19804
403     8213
404    26037
405    11355
406    35297
407    14093
408    28411
409    15941
410    29407
411     6824
412    31626
413    35215
414    16838
415    21112
416    19085
417     7613
418    34868
419    28614
420    20329
421     7950
422    12938
423     1992
424     2960
425    22450
426    28310
427    33762
428    30960
429    26746
430    11329
431    19745
432    27460
433    16535
434    13184
435     9100
436    36473
437    24315
438     9041
439    39599
440    21627
441    28368
442     7040
443    15044
444    33464
445    16160
446     5584
447    36418
448    29201
449    36724
450    15242
451     5663
452    21563
453     4460
454    28362
455     3090
456    10877
457     1540
458     8566
459    10707
460    38927
461    14484
462    11268
463    19213
464    23743
465    23357
466    32346
467    21575
468     3180
469    27877
470    18029
471    19557
472    14621
473    16613
474    27304
475    12121
476     6397
477      622
478    31554
479    35576
480    25879
481    31611
482    26474
483     2197
484    26605
485    37205
486    30364
487    33247
488    14738
489    36547
490    24584
491    27919
492    18953
493    38645
494     5134
495    35584
496    37368
497    20190
498     3073
499    22636
500     1382
501    21758
502     5792
503    19427
504    13282
505    25909
506     9336
507    22627
508    16133
509    38792
510    19826
511    36737
512    38061
513     7186
514    39566
515     5801
516    38233
517    38307
518    27045
519    39663
520    18433
521     6382
522    12291
523    17004
524    13130
525    39224
526     6552
527    26717
528    20537
529    23063
530    23171
531    36723
532    16688
533    15820
534     8626
535    17380
536    11287
537    37207
538    33055
539    18623
540     3329
541    38240
542    36061
543    12390
544    12043
545    19980
546    31665
547    39636
548    31374
549    25367
550    15669
551    37623
552    26762
553      168
554    13295
555    10278
556     6964
557     2771
558    12024
dtype: object
