6632       0
1061       1
7401       2
12017      3
2228       4
29301      5
12344      6
30208      7
25353      8
16466      9
1697      10
7929      11
812       12
29472     13
22356     14
29804     15
127       16
2623      17
6123      18
2337      19
9430      20
34908     21
23604     22
9847      23
1045      24
31514     25
10757     26
17785     27
24694     28
1688      29
26719     30
7638      31
22567     32
39276     33
1617      34
1265      35
27212     36
30431     37
3879      38
35861     39
25932     40
12564     41
14628     42
7169      43
12485     44
38668     45
20605     46
34762     47
31576     48
28749     49
30294     50
32014     51
20553     52
14396     53
38100     54
15185     55
35300     56
39402     57
27035     58
36999     59
11031     60
24005     61
1101      62
31348     63
21069     64
12190     65
23639     66
10202     67
35938     68
20231     69
18862     70
34883     71
38190     72
32396     73
24303     74
2963      75
35752     76
26989     77
18381     78
34954     79
22738     80
27485     81
16087     82
14226     83
12687     84
11511     85
3783      86
28280     87
15293     88
32217     89
7697      90
1474      91
13732     92
23044     93
27465     94
2552      95
28156     96
26072     97
15919     98
22266     99
37580    100
10886    101
10937    102
13522    103
20577    104
27928    105
142      106
10076    107
37176    108
27495    109
8964     110
20969    111
19117    112
31999    113
16625    114
20797    115
36718    116
13088    117
11895    118
18639    119
1266     120
31115    121
3946     122
30280    123
4467     124
19654    125
38354    126
113      127
14477    128
7435     129
33948    130
3381     131
25486    132
13716    133
27402    134
37747    135
17439    136
24391    137
35804    138
18117    139
16213    140
16920    141
17986    142
17381    143
2264     144
38564    145
10362    146
19105    147
24218    148
21865    149
37660    150
111      151
23673    152
26283    153
8967     154
36396    155
3391     156
25262    157
27102    158
39494    159
9275     160
21008    161
13513    162
20499    163
35896    164
16737    165
31077    166
28759    167
24136    168
10878    169
12267    170
31783    171
12351    172
31780    173
38508    174
30300    175
13741    176
25850    177
11825    178
1243     179
15148    180
14762    181
39677    182
12550    183
21132    184
37181    185
11322    186
7733     187
12575    188
11876    189
21879    190
19190    191
32626    192
11211    193
1471     194
34370    195
5613     196
32112    197
4476     198
24548    199
6997     200
20753    201
22474    202
39578    203
11101    204
38326    205
7546     206
20423    207
12675    208
26211    209
13826    210
4246     211
13946    212
14703    213
6310     214
9268     215
33800    216
7116     217
1816     218
32206    219
34733    220
7262     221
37214    222
6642     223
39077    224
16567    225
29648    226
32727    227
28512    228
29331    229
29736    230
17090    231
20412    232
25566    233
36475    234
32957    235
13365    236
10920    237
15809    238
12723    239
37755    240
8445     241
35879    242
35039    243
18676    244
1008     245
37436    246
39771    247
22       248
26066    249
13062    250
36672    251
2405     252
1267     253
20891    254
708      255
37435    256
29713    257
6393     258
13069    259
39550    260
1552     261
25374    262
33388    263
1808     264
24419    265
29112    266
4858     267
24077    268
8229     269
36464    270
38312    271
20289    272
31118    273
9088     274
3455     275
4618     276
3772     277
18827    278
16781    279
33315    280
20194    281
37489    282
2817     283
32729    284
22842    285
10129    286
24265    287
23436    288
26850    289
8512     290
38884    291
2234     292
3894     293
1881     294
19410    295
11274    296
37583    297
39336    298
7966     299
23838    300
38323    301
24729    302
35717    303
20942    304
38431    305
11058    306
29726    307
33910    308
36665    309
39553    310
12312    311
11097    312
22054    313
10357    314
23325    315
35761    316
17078    317
18913    318
34493    319
713      320
13582    321
23033    322
18644    323
15224    324
25859    325
14760    326
2604     327
29429    328
27671    329
1975     330
35643    331
5284     332
15623    333
34808    334
6737     335
17198    336
2748     337
33902    338
25403    339
15848    340
30273    341
3236     342
35299    343
8076     344
36063    345
34780    346
27009    347
1550     348
35336    349
6507     350
23769    351
24067    352
34112    353
347      354
27544    355
32165    356
28221    357
21536    358
31206    359
15780    360
26226    361
8796     362
33075    363
4399     364
19813    365
3471     366
28721    367
20734    368
23131    369
12217    370
19691    371
1674     372
3319     373
7582     374
28563    375
25762    376
25195    377
22831    378
11964    379
35194    380
16503    381
15633    382
34427    383
4279     384
12591    385
11436    386
11464    387
36770    388
21189    389
11095    390
35905    391
2170     392
21424    393
12392    394
29628    395
23697    396
16289    397
13052    398
30716    399
16259    400
6158     401
19804    402
8213     403
26037    404
11355    405
35297    406
14093    407
28411    408
15941    409
29407    410
6824     411
31626    412
35215    413
16838    414
21112    415
19085    416
7613     417
34868    418
28614    419
20329    420
7950     421
12938    422
1992     423
2960     424
22450    425
28310    426
33762    427
30960    428
26746    429
11329    430
19745    431
27460    432
16535    433
13184    434
9100     435
36473    436
24315    437
9041     438
39599    439
21627    440
28368    441
7040     442
15044    443
33464    444
16160    445
5584     446
36418    447
29201    448
36724    449
15242    450
5663     451
21563    452
4460     453
28362    454
3090     455
10877    456
1540     457
8566     458
10707    459
38927    460
14484    461
11268    462
19213    463
23743    464
23357    465
32346    466
21575    467
3180     468
27877    469
18029    470
19557    471
14621    472
16613    473
27304    474
12121    475
6397     476
622      477
31554    478
35576    479
25879    480
31611    481
26474    482
2197     483
26605    484
37205    485
30364    486
33247    487
14738    488
36547    489
24584    490
27919    491
18953    492
38645    493
5134     494
35584    495
37368    496
20190    497
3073     498
22636    499
1382     500
21758    501
5792     502
19427    503
13282    504
25909    505
9336     506
22627    507
16133    508
38792    509
19826    510
36737    511
38061    512
7186     513
39566    514
5801     515
38233    516
38307    517
27045    518
39663    519
18433    520
6382     521
12291    522
17004    523
13130    524
39224    525
6552     526
26717    527
20537    528
23063    529
23171    530
36723    531
16688    532
15820    533
8626     534
17380    535
11287    536
37207    537
33055    538
18623    539
3329     540
38240    541
36061    542
12390    543
12043    544
19980    545
31665    546
39636    547
31374    548
25367    549
15669    550
37623    551
26762    552
168      553
13295    554
10278    555
6964     556
2771     557
12024    558
dtype: int64
